# File generated by CMD 2.7 (http://stev.oapd.inaf.it/cmd) on Fri Feb 26 16:14:55 CET 2016
# PARSEC isochrones, release v1.2S
# Basic references: Bressan et al. (2012), MNRAS, 427, 127 + Chen et al. (2014), MNRAS, 444, 2525 + Tang et al. (2014), MNRAS, 445, 4287 + Chen et al. (2015), MNRAS accepted
# Warning: the TP-AGB phase is not included! TP-AGB tracks are in preparation by Marigo et al.
# Photometric system: Pan-STARRS1
# Using NBC version of bolometric corrections as in Chen et al. (2014), MNRAS, 444, 2525
# BCs of Carbon stars derive from Aringer et al. (2009, A&A 503, 913)
# O-rich circumstellar dust ignored
# C-rich circumstellar dust ignored
# IMF: Kroupa (2001, 2002) + Kroupa et al. (2013) canonical two-part-power law IMF corrected for unresolved binaries 
# On RGB, assumed Reimers mass loss with efficiency eta=0.4
# Kind of output: isochrone tables
#	Isochrone  Z = 0.00020	Y = 0.24900	[M/H] = -1.890	eta_R = 0.400	Age = 	1.2500e+10 yr
#      Z	log(age/yr)	M_ini   	M_act	logL/Lo	logTe	logG	mbol    gP1     rP1     iP1     zP1     yP1     wP1	int_IMF	stage
	0.000200	10.0969	0.09000000	0.0900	-3.1999	3.4880	5.4961	12.770	15.892	14.105	12.737	12.187	11.988	13.641	1.08168960	1
	0.000200	10.0969	0.09796907	0.0980	-2.8917	3.5335	5.4066	11.999	14.340	12.773	11.908	11.518	11.341	12.629	1.15391386	1
	0.000200	10.0969	0.10000000	0.1000	-2.8174	3.5444	5.3850	11.813	13.981	12.482	11.706	11.350	11.180	12.385	1.17110646	1
	0.000200	10.0969	0.10669439	0.1067	-2.7125	3.5553	5.3520	11.551	13.552	12.126	11.429	11.103	10.941	12.068	1.22471189	1
	0.000200	10.0969	0.12000000	0.1200	-2.5224	3.5752	5.2922	11.076	12.796	11.512	10.928	10.651	10.502	11.504	1.31931543	1
	0.000200	10.0969	0.12726131	0.1273	-2.4520	3.5808	5.2697	10.900	12.547	11.305	10.746	10.480	10.336	11.306	1.36537266	1
	0.000200	10.0969	0.14000000	0.1400	-2.3376	3.5899	5.2333	10.614	12.145	10.975	10.451	10.202	10.066	10.987	1.43845272	1
	0.000200	10.0969	0.16000000	0.1600	-2.1927	3.5994	5.1845	10.252	11.670	10.573	10.081	9.847	9.718	10.592	1.53729320	1
	0.000200	10.0969	0.20000000	0.2000	-1.9723	3.6115	5.1094	9.701	10.986	9.975	9.519	9.304	9.185	10.002	1.69387913	1
	0.000200	10.0969	0.25000000	0.2500	-1.7713	3.6225	5.0492	9.198	10.371	9.432	9.007	8.809	8.698	9.464	1.84032583	1
	0.000200	10.0969	0.26393765	0.2639	-1.7255	3.6252	5.0379	9.084	10.229	9.307	8.890	8.696	8.588	9.341	1.87447381	1
	0.000200	10.0969	0.30000001	0.3000	-1.6174	3.6317	5.0111	8.813	9.896	9.014	8.615	8.429	8.326	9.051	1.95291400	1
	0.000200	10.0969	0.34999999	0.3499	-1.4906	3.6400	4.9845	8.496	9.503	8.669	8.291	8.118	8.022	8.709	2.04341745	1
	0.000200	10.0969	0.35473096	0.3547	-1.4776	3.6409	4.9811	8.464	9.462	8.634	8.258	8.086	7.991	8.674	2.05110407	1
	0.000200	10.0969	0.40000001	0.3999	-1.3625	3.6492	4.9514	8.176	9.104	8.319	7.965	7.803	7.716	8.362	2.11850262	1
	0.000200	10.0969	0.44999999	0.4499	-1.2047	3.6648	4.9072	7.782	8.587	7.880	7.563	7.423	7.347	7.927	2.18228102	1
	0.000200	10.0969	0.50000000	0.4999	-1.0284	3.6835	4.8511	7.341	8.018	7.397	7.120	7.002	6.941	7.446	2.23745418	1
	0.000200	10.0969	0.55000001	0.5498	-0.8195	3.7043	4.7670	6.819	7.380	6.841	6.605	6.510	6.465	6.891	2.28365827	1
	0.000200	10.0969	0.59483516	0.5945	-0.6281	3.7277	4.7033	6.340	6.799	6.342	6.147	6.077	6.050	6.392	2.31758595	1
	0.000200	10.0969	0.60000002	0.5997	-0.6069	3.7303	4.6962	6.287	6.736	6.287	6.097	6.030	6.004	6.337	2.32112145	1
	0.000200	10.0969	0.60522836	0.6049	-0.5834	3.7335	4.6891	6.229	6.666	6.228	6.043	5.979	5.955	6.278	2.32462978	1
	0.000200	10.0969	0.61573726	0.6153	-0.5359	3.7398	4.6744	6.110	6.525	6.107	5.933	5.875	5.855	6.156	2.33147502	1
	0.000200	10.0969	0.62549484	0.6251	-0.4914	3.7456	4.6599	5.999	6.396	5.996	5.831	5.778	5.762	6.044	2.33759451	1
	0.000200	10.0969	0.63496423	0.6345	-0.4479	3.7512	4.6451	5.890	6.271	5.887	5.732	5.684	5.672	5.935	2.34332681	1
	0.000200	10.0969	0.64573324	0.6452	-0.3978	3.7574	4.6272	5.764	6.127	5.763	5.618	5.577	5.568	5.811	2.34961152	1
	0.000200	10.0969	0.64999998	0.6494	-0.3777	3.7599	4.6198	5.714	6.070	5.713	5.573	5.534	5.527	5.761	2.35203552	1
	0.000200	10.0969	0.65943724	0.6588	-0.3326	3.7650	4.6014	5.602	5.945	5.602	5.470	5.436	5.432	5.650	2.35726881	1
	0.000200	10.0969	0.66986382	0.6692	-0.2816	3.7706	4.5796	5.474	5.804	5.477	5.354	5.325	5.324	5.525	2.36285400	1
	0.000200	10.0969	0.67907882	0.6784	-0.2351	3.7755	4.5585	5.358	5.678	5.365	5.249	5.224	5.227	5.412	2.36762643	1
	0.000200	10.0969	0.68799698	0.6872	-0.1887	3.7801	4.5363	5.242	5.552	5.253	5.145	5.124	5.129	5.299	2.37210536	1
	0.000200	10.0969	0.69654810	0.6957	-0.1425	3.7845	4.5130	5.126	5.426	5.145	5.046	5.030	5.037	5.190	2.37627625	1
	0.000200	10.0969	0.69999999	0.6991	-0.1234	3.7863	4.5031	5.079	5.374	5.101	5.005	4.991	4.998	5.145	2.37792683	1
	0.000200	10.0969	0.70129144	0.7004	-0.1162	3.7869	4.4992	5.061	5.355	5.084	4.990	4.976	4.984	5.128	2.37853956	1
	0.000200	10.0969	0.70965803	0.7087	-0.0674	3.7910	4.4717	4.938	5.222	4.968	4.882	4.873	4.882	5.011	2.38244700	1
	0.000200	10.0969	0.71792001	0.7168	-0.0164	3.7949	4.4414	4.811	5.085	4.846	4.767	4.761	4.772	4.887	2.38620281	1
	0.000200	10.0969	0.72501665	0.7238	0.0300	3.7982	4.4124	4.695	4.961	4.733	4.661	4.658	4.670	4.774	2.38935065	1
	0.000200	10.0969	0.73189235	0.7306	0.0777	3.8013	4.3811	4.576	4.833	4.616	4.549	4.550	4.563	4.656	2.39233351	1
	0.000200	10.0969	0.73876905	0.7374	0.1288	3.8042	4.3458	4.448	4.698	4.490	4.427	4.431	4.446	4.529	2.39525294	1
	0.000200	10.0969	0.74671561	0.7452	0.1933	3.8073	4.2983	4.287	4.528	4.329	4.272	4.279	4.295	4.367	2.39854980	1
	0.000200	10.0969	0.75000000	0.7484	0.2213	3.8085	4.2769	4.217	4.454	4.259	4.204	4.212	4.229	4.297	2.39988899	1
	0.000200	10.0969	0.75585181	0.7541	0.2756	3.8106	4.2344	4.081	4.312	4.123	4.072	4.083	4.101	4.161	2.40224195	1
	0.000200	10.0969	0.76138282	0.7595	0.3298	3.8122	4.1896	3.946	4.171	3.987	3.939	3.952	3.970	4.024	2.40442753	1
	0.000200	10.0969	0.76517218	0.7631	0.3703	3.8128	4.1534	3.844	4.066	3.885	3.839	3.852	3.870	3.922	2.40590405	1
	0.000200	10.0969	0.76678717	0.7647	0.3890	3.8127	4.1352	3.797	4.019	3.838	3.791	3.804	3.822	3.875	2.40652823	1
	0.000200	10.0969	0.77117455	0.7689	0.4447	3.8111	4.0755	3.658	3.880	3.697	3.648	3.660	3.677	3.734	2.40820861	1
	0.000200	10.0969	0.77424407	0.7718	0.4893	3.8084	4.0217	3.547	3.773	3.583	3.531	3.540	3.556	3.620	2.40937138	1
	0.000200	10.0969	0.77489853	0.7724	0.4996	3.8075	4.0083	3.521	3.748	3.557	3.503	3.512	3.527	3.594	2.40961790	2
	0.000200	10.0969	0.77660167	0.7740	0.5299	3.8041	3.9653	3.445	3.678	3.479	3.420	3.426	3.438	3.516	2.41025734	2
	0.000200	10.0969	0.77840096	0.7757	0.5664	3.7986	3.9078	3.354	3.598	3.384	3.316	3.317	3.327	3.423	2.41092920	2
	0.000200	10.0969	0.77980852	0.7770	0.5998	3.7918	3.8478	3.270	3.531	3.295	3.216	3.209	3.217	3.335	2.41145229	2
	0.000200	10.0969	0.78094089	0.7781	0.6307	3.7839	3.7858	3.193	3.475	3.211	3.117	3.103	3.107	3.253	2.41187167	2
	0.000200	10.0969	0.78209847	0.7791	0.6660	3.7735	3.7097	3.105	3.414	3.116	3.005	2.981	2.980	3.161	2.41229892	2
	0.000200	10.0969	0.78290141	0.7798	0.6942	3.7655	3.6496	3.035	3.364	3.044	2.921	2.889	2.883	3.090	2.41259432	2
	0.000200	10.0969	0.78360057	0.7804	0.7245	3.7580	3.5900	2.959	3.308	2.968	2.833	2.794	2.784	3.014	2.41285110	2
	0.000200	10.0969	0.78427780	0.7810	0.7641	3.7516	3.5248	2.860	3.228	2.870	2.724	2.679	2.665	2.916	2.41309905	2
	0.000200	10.0969	0.78481615	0.7815	0.8040	3.7473	3.4680	2.760	3.141	2.772	2.618	2.569	2.553	2.818	2.41329598	2
	0.000200	10.0969	0.78518802	0.7818	0.8358	3.7447	3.4262	2.680	3.070	2.693	2.536	2.483	2.465	2.739	2.41343188	3
	0.000200	10.0969	0.78527009	0.7818	0.8433	3.7443	3.4168	2.662	3.053	2.674	2.516	2.463	2.445	2.721	2.41346192	3
	0.000200	10.0969	0.78579271	0.7822	0.8940	3.7415	3.3554	2.535	2.934	2.549	2.386	2.331	2.310	2.595	2.41365242	3
	0.000200	10.0969	0.78628469	0.7826	0.9459	3.7392	3.2942	2.405	2.812	2.420	2.254	2.196	2.174	2.466	2.41383171	3
	0.000200	10.0969	0.78674233	0.7829	0.9981	3.7373	3.2347	2.275	2.688	2.291	2.122	2.062	2.038	2.337	2.41399813	3
	0.000200	10.0969	0.78712505	0.7831	1.0446	3.7357	3.1819	2.159	2.578	2.175	2.004	1.942	1.918	2.222	2.41413713	3
	0.000200	10.0969	0.78751534	0.7833	1.0956	3.7340	3.1244	2.031	2.456	2.049	1.875	1.812	1.786	2.096	2.41427875	3
	0.000200	10.0969	0.78787053	0.7835	1.1459	3.7325	3.0681	1.905	2.335	1.924	1.748	1.683	1.656	1.971	2.41440749	3
	0.000200	10.0969	0.78819287	0.7835	1.1956	3.7310	3.0125	1.781	2.216	1.801	1.623	1.556	1.528	1.848	2.41452408	3
	0.000200	10.0969	0.78849196	0.7836	1.2460	3.7294	2.9559	1.655	2.095	1.676	1.496	1.427	1.398	1.723	2.41463232	3
	0.000200	10.0969	0.78876066	0.7836	1.2955	3.7280	2.9005	1.531	1.977	1.554	1.371	1.301	1.270	1.601	2.41472936	3
	0.000200	10.0969	0.78901631	0.7835	1.3470	3.7264	2.8428	1.403	1.853	1.427	1.241	1.170	1.138	1.473	2.41482162	3
	0.000200	10.0969	0.78923303	0.7835	1.3947	3.7249	2.7888	1.283	1.740	1.309	1.120	1.048	1.015	1.355	2.41490006	3
	0.000200	10.0969	0.78942740	0.7833	1.4415	3.7234	2.7360	1.166	1.628	1.193	1.002	0.928	0.894	1.240	2.41497016	3
	0.000200	10.0969	0.78961879	0.7831	1.4922	3.7218	2.6788	1.040	1.507	1.068	0.874	0.799	0.764	1.114	2.41503906	3
	0.000200	10.0969	0.78978032	0.7829	1.5392	3.7202	2.6252	0.922	1.395	0.952	0.756	0.678	0.642	0.998	2.41509724	3
	0.000200	10.0969	0.78992629	0.7826	1.5856	3.7186	2.5723	0.806	1.286	0.838	0.639	0.560	0.523	0.884	2.41514993	3
	0.000200	10.0969	0.79006147	0.7823	1.6325	3.7170	2.5188	0.689	1.175	0.723	0.521	0.440	0.402	0.769	2.41519856	3
	0.000200	10.0969	0.79018533	0.7819	1.6794	3.7153	2.4650	0.571	1.064	0.607	0.402	0.320	0.280	0.653	2.41524315	3
	0.000200	10.0969	0.79029286	0.7815	1.7238	3.7137	2.4139	0.461	0.960	0.497	0.290	0.206	0.165	0.543	2.41528177	3
	0.000200	10.0969	0.79039496	0.7811	1.7697	3.7121	2.3612	0.346	0.852	0.383	0.173	0.088	0.045	0.429	2.41531849	3
	0.000200	10.0969	0.79048592	0.7806	1.8142	3.7104	2.3097	0.235	0.748	0.273	0.061	-0.027	-0.070	0.320	2.41535115	3
	0.000200	10.0969	0.79056913	0.7800	1.8583	3.7087	2.2586	0.124	0.646	0.165	-0.051	-0.140	-0.185	0.211	2.41538095	3
	0.000200	10.0969	0.79064482	0.7796	1.9016	3.7071	2.2086	0.016	0.545	0.059	-0.160	-0.251	-0.297	0.105	2.41540837	3
	0.000200	10.0969	0.79071450	0.7790	1.9447	3.7054	2.1583	-0.092	0.446	-0.047	-0.269	-0.361	-0.409	-0.001	2.41543341	3
	0.000200	10.0969	0.79077786	0.7785	1.9871	3.7037	2.1088	-0.198	0.348	-0.151	-0.376	-0.470	-0.519	-0.104	2.41545606	3
	0.000200	10.0969	0.79083681	0.7779	2.0295	3.7021	2.0596	-0.304	0.250	-0.255	-0.483	-0.579	-0.629	-0.208	2.41547728	3
	0.000200	10.0969	0.79088974	0.7772	2.0698	3.7003	2.0118	-0.404	0.158	-0.353	-0.584	-0.683	-0.734	-0.307	2.41549635	3
	0.000200	10.0969	0.79094058	0.7764	2.1109	3.6986	1.9635	-0.507	0.065	-0.453	-0.688	-0.789	-0.841	-0.407	2.41551447	3
	0.000200	10.0969	0.79099202	0.7755	2.1524	3.6969	1.9150	-0.611	-0.030	-0.555	-0.793	-0.895	-0.949	-0.508	2.41553307	3
	0.000200	10.0969	0.79105186	0.7744	2.1833	3.6957	1.8784	-0.688	-0.100	-0.630	-0.871	-0.975	-1.029	-0.584	2.41555452	3
	0.000200	10.0969	0.79108125	0.7737	2.1750	3.6963	1.8888	-0.667	-0.083	-0.610	-0.850	-0.953	-1.007	-0.564	2.41556501	3
	0.000200	10.0969	0.79108703	0.7736	2.1807	3.6960	1.8819	-0.682	-0.095	-0.624	-0.864	-0.968	-1.022	-0.578	2.41556716	3
	0.000200	10.0969	0.79112262	0.7728	2.2216	3.6941	1.8331	-0.784	-0.187	-0.724	-0.967	-1.073	-1.129	-0.677	2.41557980	3
	0.000200	10.0969	0.79115921	0.7718	2.2659	3.6923	1.7809	-0.895	-0.287	-0.832	-1.079	-1.187	-1.244	-0.785	2.41559291	3
	0.000200	10.0969	0.79119027	0.7708	2.3060	3.6904	1.7325	-0.995	-0.376	-0.929	-1.180	-1.290	-1.349	-0.882	2.41560411	3
	0.000200	10.0969	0.79122055	0.7697	2.3477	3.6885	1.6824	-1.099	-0.468	-1.030	-1.285	-1.397	-1.457	-0.983	2.41561508	3
	0.000200	10.0969	0.79124916	0.7684	2.3900	3.6866	1.6321	-1.205	-0.562	-1.131	-1.390	-1.505	-1.567	-1.085	2.41562533	3
	0.000200	10.0969	0.79127985	0.7668	2.4390	3.6841	1.5722	-1.328	-0.668	-1.249	-1.513	-1.631	-1.695	-1.202	2.41563630	3
	0.000200	10.0969	0.79130399	0.7653	2.4808	3.6823	1.5220	-1.432	-0.760	-1.349	-1.617	-1.738	-1.803	-1.303	2.41564488	3
	0.000200	10.0969	0.79132974	0.7634	2.5291	3.6798	1.4630	-1.553	-0.864	-1.465	-1.738	-1.861	-1.929	-1.419	2.41565418	3
	0.000200	10.0969	0.79134965	0.7617	2.5692	3.6779	1.4141	-1.653	-0.949	-1.560	-1.838	-1.964	-2.033	-1.514	2.41566133	3
	0.000200	10.0969	0.79136777	0.7599	2.6083	3.6760	1.3663	-1.751	-1.032	-1.652	-1.935	-2.063	-2.134	-1.606	2.41566777	3
	0.000200	10.0969	0.79138803	0.7575	2.6550	3.6734	1.3080	-1.868	-1.129	-1.762	-2.051	-2.183	-2.256	-1.717	2.41567492	3
	0.000200	10.0969	0.79140365	0.7553	2.6939	3.6716	1.2604	-1.965	-1.212	-1.855	-2.148	-2.282	-2.357	-1.809	2.41568065	3
	0.000200	10.0969	0.79142064	0.7525	2.7393	3.6689	1.2029	-2.078	-1.304	-1.961	-2.260	-2.398	-2.475	-1.915	2.41568661	3
	0.000200	10.0969	0.79143441	0.7499	2.7789	3.6670	1.1541	-2.177	-1.386	-2.054	-2.358	-2.498	-2.578	-2.008	2.41569161	3
	0.000200	10.0969	0.79144824	0.7468	2.8214	3.6644	1.0993	-2.284	-1.470	-2.151	-2.463	-2.606	-2.688	-2.106	2.41569662	3
	0.000200	10.0969	0.79145998	0.7436	2.8601	3.6625	1.0511	-2.380	-1.549	-2.241	-2.558	-2.704	-2.788	-2.197	2.41570091	3
	0.000200	10.0969	0.79147190	0.7400	2.9020	3.6599	0.9968	-2.485	-1.631	-2.338	-2.661	-2.811	-2.896	-2.294	2.41570520	3
	0.000200	10.0969	0.79148424	0.7354	2.9487	3.6574	0.9375	-2.602	-1.719	-2.447	-2.778	-2.932	-3.020	-2.403	2.41570950	3
	0.000200	10.0969	0.79149437	0.7310	2.9897	3.6548	0.8834	-2.704	-1.791	-2.540	-2.881	-3.038	-3.128	-2.497	2.41571307	3
	0.000200	10.0969	0.79150462	0.7258	3.0340	3.6523	0.8261	-2.815	-1.871	-2.642	-2.992	-3.154	-3.246	-2.600	2.41571689	3
	0.000200	10.0969	0.79151344	0.7204	3.0746	3.6497	0.7719	-2.916	-1.941	-2.734	-3.093	-3.259	-3.354	-2.692	2.41571999	3
	0.000200	10.0969	0.79152209	0.7142	3.1171	3.6472	0.7157	-3.023	-2.013	-2.830	-3.199	-3.369	-3.466	-2.789	2.41572309	3
	0.000200	10.0969	0.79152972	0.7078	3.1567	3.6447	0.6620	-3.122	-2.077	-2.918	-3.296	-3.471	-3.571	-2.878	2.41572571	3
	0.000200	10.0969	0.79153723	0.7003	3.1981	3.6422	0.6057	-3.225	-2.144	-3.011	-3.399	-3.578	-3.680	-2.971	2.41572857	3
	0.000200	10.0969	0.79154408	0.6922	3.2377	3.6397	0.5514	-3.324	-2.207	-3.099	-3.497	-3.680	-3.785	-3.060	2.41573095	3
	0.000200	10.0969	0.79155052	0.6836	3.2730	3.6375	0.5020	-3.413	-2.261	-3.176	-3.583	-3.770	-3.877	-3.138	2.41573334	4
	0.000200	10.0969	0.79155052	0.6628	1.5865	4.0216	3.7112	0.804	1.093	1.361	1.606	1.750	1.805	1.336	2.41573334	4
	0.000200	10.0969	0.79155350	0.6628	1.6052	4.0126	3.6568	0.757	1.004	1.267	1.508	1.648	1.698	1.242	2.41573429	4
	0.000200	10.0969	0.79160792	0.6629	1.6099	4.0108	3.6448	0.745	0.983	1.246	1.486	1.625	1.674	1.221	2.41575384	4
	0.000200	10.0969	0.79166085	0.6629	1.6094	4.0105	3.6442	0.746	0.983	1.246	1.485	1.625	1.673	1.221	2.41577291	4
	0.000200	10.0969	0.79171437	0.6629	1.6092	4.0100	3.6424	0.747	0.981	1.244	1.483	1.622	1.670	1.219	2.41579199	4
	0.000200	10.0969	0.79176885	0.6629	1.6092	4.0092	3.6392	0.747	0.978	1.239	1.478	1.617	1.665	1.215	2.41581154	4
	0.000200	10.0969	0.79182386	0.6629	1.6095	4.0080	3.6340	0.746	0.971	1.232	1.470	1.609	1.656	1.208	2.41583109	4
	0.000200	10.0969	0.79187924	0.6629	1.6103	4.0064	3.6269	0.744	0.962	1.222	1.459	1.597	1.644	1.198	2.41585112	4
	0.000200	10.0969	0.79193497	0.6629	1.6114	4.0043	3.6174	0.741	0.950	1.208	1.444	1.582	1.627	1.184	2.41587090	4
	0.000200	10.0969	0.79199201	0.6630	1.6128	4.0021	3.6070	0.738	0.936	1.193	1.428	1.564	1.609	1.169	2.41589141	4
	0.000200	10.0969	0.79204643	0.6630	1.6148	3.9994	3.5944	0.733	0.919	1.174	1.408	1.543	1.586	1.150	2.41591096	4
	0.000200	10.0969	0.79210150	0.6630	1.6171	3.9963	3.5798	0.727	0.899	1.152	1.385	1.519	1.561	1.129	2.41593051	4
	0.000200	10.0969	0.79215837	0.6630	1.6201	3.9924	3.5611	0.720	0.875	1.125	1.355	1.488	1.528	1.102	2.41595101	4
	0.000200	10.0969	0.79221100	0.6630	1.6233	3.9885	3.5423	0.712	0.850	1.097	1.326	1.457	1.495	1.076	2.41596985	4
	0.000200	10.0969	0.79225177	0.6630	1.6260	3.9853	3.5266	0.705	0.829	1.075	1.301	1.430	1.467	1.054	2.41598439	4
	0.000200	10.0969	0.79226887	0.6630	1.6272	3.9838	3.5194	0.702	0.820	1.064	1.290	1.418	1.454	1.044	2.41599035	4
	0.000200	10.0969	0.79232734	0.6630	1.6317	3.9785	3.4937	0.691	0.787	1.028	1.251	1.376	1.409	1.008	2.41601133	4
	0.000200	10.0969	0.79238248	0.6630	1.6364	3.9729	3.4666	0.679	0.754	0.990	1.209	1.332	1.363	0.971	2.41603112	4
	0.000200	10.0969	0.79243958	0.6630	1.6415	3.9669	3.4378	0.666	0.721	0.950	1.165	1.286	1.314	0.933	2.41605139	4
	0.000200	10.0969	0.79249573	0.6630	1.6470	3.9606	3.4068	0.652	0.686	0.909	1.119	1.237	1.263	0.892	2.41607165	4
	0.000200	10.0969	0.79255021	0.6630	1.6527	3.9539	3.3745	0.638	0.652	0.867	1.072	1.187	1.210	0.852	2.41609097	4
	0.000200	10.0969	0.79260248	0.6630	1.6586	3.9471	3.3415	0.624	0.619	0.826	1.025	1.136	1.157	0.812	2.41610980	4
	0.000200	10.0969	0.79263401	0.6630	1.6623	3.9429	3.3207	0.614	0.600	0.801	0.996	1.104	1.124	0.788	2.41612101	4
	0.000200	10.0969	0.79265618	0.6630	1.6647	3.9401	3.3070	0.608	0.587	0.784	0.977	1.083	1.102	0.772	2.41612887	4
	0.000200	10.0969	0.79271215	0.6630	1.6709	3.9330	3.2726	0.593	0.558	0.745	0.929	1.032	1.049	0.735	2.41614890	4
	0.000200	10.0969	0.79276556	0.6629	1.6770	3.9260	3.2382	0.577	0.531	0.707	0.883	0.982	0.998	0.699	2.41616797	4
	0.000200	10.0969	0.79281807	0.6629	1.6837	3.9184	3.2013	0.561	0.507	0.669	0.835	0.930	0.944	0.663	2.41618657	4
	0.000200	10.0969	0.79287189	0.6629	1.6906	3.9106	3.1631	0.544	0.485	0.631	0.786	0.876	0.890	0.627	2.41620588	4
	0.000200	10.0969	0.79292476	0.6628	1.6980	3.9022	3.1221	0.525	0.466	0.592	0.735	0.820	0.833	0.592	2.41622472	4
	0.000200	10.0969	0.79297739	0.6628	1.7047	3.8950	3.0866	0.508	0.452	0.561	0.691	0.772	0.785	0.563	2.41624355	4
	0.000200	10.0969	0.79303116	0.6627	1.7114	3.8878	3.0511	0.492	0.441	0.530	0.649	0.724	0.737	0.536	2.41626263	4
	0.000200	10.0969	0.79308462	0.6627	1.7183	3.8808	3.0162	0.474	0.434	0.501	0.608	0.679	0.692	0.512	2.41628194	4
	0.000200	10.0969	0.79313713	0.6626	1.7251	3.8742	2.9829	0.457	0.428	0.475	0.570	0.636	0.650	0.489	2.41630054	4
	0.000200	10.0969	0.79319251	0.6625	1.7348	3.8657	2.9392	0.433	0.420	0.442	0.521	0.581	0.594	0.458	2.41632032	4
	0.000200	10.0969	0.79324645	0.6624	1.7449	3.8565	2.8921	0.408	0.415	0.409	0.470	0.523	0.536	0.429	2.41633964	4
	0.000200	10.0969	0.79329038	0.6623	1.7575	3.8463	2.8386	0.376	0.407	0.371	0.413	0.457	0.470	0.395	2.41635513	4
	0.000200	10.0969	0.79331809	0.6623	1.7744	3.8354	2.7784	0.334	0.392	0.324	0.344	0.380	0.392	0.350	2.41636515	4
	0.000200	10.0969	0.79333287	0.6622	1.7891	3.8248	2.7211	0.297	0.383	0.284	0.284	0.310	0.321	0.313	2.41637039	4
	0.000200	10.0969	0.79334086	0.6622	1.8012	3.8148	2.6692	0.267	0.380	0.252	0.233	0.251	0.259	0.284	2.41637325	4
	0.000200	10.0969	0.79334599	0.6622	1.8122	3.8048	2.6179	0.240	0.382	0.223	0.186	0.194	0.200	0.258	2.41637492	4
	0.000200	10.0969	0.79334903	0.6622	1.8205	3.7963	2.5758	0.219	0.390	0.204	0.150	0.151	0.154	0.240	2.41637611	4
	0.000200	10.0969	0.79335195	0.6622	1.8310	3.7856	2.5223	0.193	0.409	0.183	0.107	0.098	0.097	0.222	2.41637707	4
	0.000200	10.0969	0.79335415	0.6622	1.8408	3.7756	2.4727	0.168	0.425	0.163	0.068	0.050	0.044	0.205	2.41637802	4
	0.000200	10.0969	0.79335636	0.6621	1.8543	3.7658	2.4198	0.134	0.425	0.133	0.020	-0.010	-0.020	0.175	2.41637874	4
	0.000200	10.0969	0.79335850	0.6621	1.8710	3.7571	2.3682	0.092	0.413	0.094	-0.034	-0.073	-0.086	0.138	2.41637945	4
	0.000200	10.0969	0.79336053	0.6621	1.8948	3.7488	2.3112	0.033	0.382	0.038	-0.104	-0.151	-0.170	0.083	2.41638017	4
	0.000200	10.0969	0.79336214	0.6621	1.9211	3.7417	2.2565	-0.033	0.342	-0.024	-0.178	-0.233	-0.256	0.021	2.41638088	4
	0.000200	10.0969	0.79336333	0.6621	1.9513	3.7355	2.2018	-0.108	0.290	-0.096	-0.261	-0.322	-0.348	-0.051	2.41638112	4
	0.000200	10.0969	0.79336339	0.6621	1.9536	3.7351	2.1978	-0.114	0.286	-0.101	-0.267	-0.328	-0.355	-0.056	2.41638136	6
	0.000200	10.0969	0.79336345	0.6621	1.9547	3.7349	2.1959	-0.117	0.284	-0.104	-0.270	-0.332	-0.359	-0.059	2.41638136	7
	0.000200	10.0969	0.79336429	0.6621	1.9848	3.7305	2.1479	-0.192	0.226	-0.176	-0.351	-0.417	-0.446	-0.131	2.41638160	7
	0.000200	10.0969	0.79336530	0.6621	2.0237	3.7258	2.0902	-0.289	0.148	-0.270	-0.453	-0.523	-0.556	-0.224	2.41638184	7
	0.000200	10.0969	0.79336649	0.6621	2.0637	3.7217	2.0340	-0.389	0.065	-0.367	-0.557	-0.631	-0.667	-0.321	2.41638231	7
	0.000200	10.0969	0.79337329	0.6620	2.0797	3.7206	2.0136	-0.429	0.029	-0.406	-0.598	-0.673	-0.710	-0.360	2.41638470	7
	0.000200	10.0969	0.79341489	0.6612	2.1213	3.7158	1.9525	-0.533	-0.052	-0.505	-0.706	-0.787	-0.826	-0.459	2.41639948	7
	0.000200	10.0969	0.79343116	0.6609	2.1605	3.7123	1.8989	-0.631	-0.134	-0.600	-0.807	-0.892	-0.934	-0.553	2.41640544	7
	0.000200	10.0969	0.79345477	0.6603	2.2078	3.7087	1.8367	-0.749	-0.234	-0.714	-0.929	-1.017	-1.062	-0.667	2.41641378	7
	0.000200	10.0969	0.79347432	0.6597	2.2485	3.7058	1.7840	-0.851	-0.320	-0.812	-1.032	-1.125	-1.172	-0.765	2.41642070	7
	0.000200	10.0969	0.79349196	0.6591	2.2894	3.7030	1.7314	-0.954	-0.407	-0.911	-1.137	-1.232	-1.281	-0.863	2.41642714	7
	0.000200	10.0969	0.79350770	0.6584	2.3304	3.7002	1.6791	-1.056	-0.495	-1.010	-1.241	-1.340	-1.391	-0.962	2.41643262	7
	0.000200	10.0969	0.79352170	0.6578	2.3715	3.6976	1.6270	-1.159	-0.582	-1.108	-1.345	-1.447	-1.499	-1.061	2.41643763	7
	0.000200	10.0969	0.79353416	0.6570	2.4127	3.6950	1.5748	-1.262	-0.670	-1.207	-1.449	-1.554	-1.609	-1.159	2.41644216	7
	0.000200	10.0969	0.79354519	0.6563	2.4536	3.6924	1.5233	-1.364	-0.757	-1.304	-1.552	-1.660	-1.717	-1.257	2.41644597	7
	0.000200	10.0969	0.79355514	0.6555	2.4940	3.6899	1.4722	-1.465	-0.842	-1.401	-1.654	-1.765	-1.824	-1.354	2.41644955	7
	0.000200	10.0969	0.79356432	0.6547	2.5344	3.6874	1.4214	-1.566	-0.926	-1.497	-1.755	-1.869	-1.930	-1.450	2.41645288	7
	0.000200	10.0969	0.79357290	0.6538	2.5745	3.6849	1.3706	-1.666	-1.010	-1.591	-1.855	-1.972	-2.036	-1.545	2.41645598	7
	0.000200	10.0969	0.79358101	0.6528	2.6145	3.6824	1.3199	-1.766	-1.092	-1.685	-1.955	-2.075	-2.141	-1.639	2.41645885	7
	0.000200	10.0969	0.79358864	0.6517	2.6545	3.6799	1.2693	-1.866	-1.174	-1.780	-2.055	-2.178	-2.246	-1.733	2.41646147	7
	0.000200	10.0969	0.79359597	0.6505	2.6944	3.6774	1.2186	-1.966	-1.255	-1.873	-2.154	-2.281	-2.350	-1.827	2.41646409	7
	0.000200	10.0969	0.79360300	0.6491	2.7349	3.6748	1.1668	-2.067	-1.336	-1.967	-2.254	-2.384	-2.457	-1.921	2.41646671	7
	0.000200	10.0969	0.79360944	0.6477	2.7768	3.6722	1.1134	-2.172	-1.420	-2.065	-2.358	-2.492	-2.566	-2.019	2.41646886	7
	0.000200	10.0969	0.79361463	0.6463	2.8188	3.6695	1.0597	-2.277	-1.503	-2.162	-2.462	-2.599	-2.676	-2.116	2.41647077	7
	0.000200	10.0969	0.79361886	0.6449	2.8603	3.6668	1.0064	-2.381	-1.583	-2.257	-2.563	-2.705	-2.784	-2.212	2.41647220	7
	0.000200	10.0969	0.79362243	0.6436	2.8996	3.6642	0.9557	-2.479	-1.655	-2.348	-2.662	-2.807	-2.889	-2.303	2.41647363	7
	0.000200	10.0969	0.79362601	0.6421	2.9399	3.6615	0.9038	-2.580	-1.728	-2.441	-2.764	-2.913	-2.997	-2.396	2.41647482	7
	0.000200	10.0969	0.79362977	0.6402	2.9853	3.6585	0.8448	-2.693	-1.808	-2.545	-2.878	-3.031	-3.118	-2.500	2.41647625	7
	0.000200	10.0969	0.79363197	0.6388	3.0574	3.6533	0.7513	-2.874	-1.928	-2.707	-3.057	-3.218	-3.310	-2.664	2.41647696	7
	0.000200	10.0969	0.79363209	0.6387	3.0860	3.6512	0.7143	-2.945	-1.975	-2.770	-3.128	-3.292	-3.386	-2.728	2.41647696	7
	0.000200	10.0969	0.79363239	0.6385	3.1196	3.6488	0.6706	-3.029	-2.028	-2.844	-3.211	-3.379	-3.475	-2.803	2.41647720	7
	0.000200	10.0969	0.79363286	0.6380	3.1549	3.6461	0.6243	-3.117	-2.080	-2.921	-3.297	-3.470	-3.569	-2.880	2.41647720	7
	0.000200	10.0969	0.79363388	0.6367	3.2059	3.6424	0.5576	-3.245	-2.157	-3.032	-3.422	-3.601	-3.704	-2.992	2.41647768	7
	0.000200	10.0969	0.79363388	0.6367	3.2058	3.6424	0.5576	-3.245	-2.157	-3.032	-3.422	-3.601	-3.703	-2.992	2.41647768	8
